#ChipScope Pro Analyzer Project File, Version 3.0
#Sun Jul 05 00:32:41 UTC 2020
mdiAreaHeight=0.6909090909090909
mdiAreaHeightLast=0.7322314049586777
mdiCount=0
navigatorHeight=0.18677685950413223
navigatorHeightLast=0.18677685950413223
navigatorWidth=0.18
navigatorWidthLast=0.18
signalDisplayPath=0
unit.-1.-1.username=
